0.01 0.01 0.0001
0.01 0.01 0.0005
0.01 0.01 0.001
0.01 0.05 0.0005
0.01 0.05 0.0025
0.01 0.05 0.005
0.01 0.1 0.001
0.01 0.1 0.005
0.01 0.1 0.01
0.01 0.5 0.005
0.01 0.5 0.025
0.01 0.5 0.05
0.01 1.0 0.01
0.01 1.0 0.05
0.01 1.0 0.1
0.01 5.0 0.05
0.01 5.0 0.25
0.01 5.0 0.5
0.05 0.01 0.0001
0.05 0.01 0.0005
0.05 0.01 0.001
0.05 0.05 0.0005
0.05 0.05 0.0025
0.05 0.05 0.005
0.05 0.1 0.001
0.05 0.1 0.005
0.05 0.1 0.01
0.05 0.5 0.005
0.05 0.5 0.025
0.05 0.5 0.05
0.05 1.0 0.01
0.05 1.0 0.05
0.05 1.0 0.1
0.05 5.0 0.05
0.05 5.0 0.25
0.05 5.0 0.5
0.1 0.01 0.0001
0.1 0.01 0.0005
0.1 0.01 0.001
0.1 0.05 0.0005
0.1 0.05 0.0025
0.1 0.05 0.005
0.1 0.1 0.001
0.1 0.1 0.005
0.1 0.1 0.01
0.1 0.5 0.005
0.1 0.5 0.025
0.1 0.5 0.05
0.1 1.0 0.01
0.1 1.0 0.05
0.1 1.0 0.1
0.1 5.0 0.05
0.1 5.0 0.25
0.1 5.0 0.5
0.5 0.01 0.0001
0.5 0.01 0.0005
0.5 0.01 0.001
0.5 0.05 0.0005
0.5 0.05 0.0025
0.5 0.05 0.005
0.5 0.1 0.001
0.5 0.1 0.0050
0.5 0.1 0.01
0.5 0.5 0.005
0.5 0.5 0.025
0.5 0.5 0.05
0.5 1.0 0.01
0.5 1.0 0.05
0.5 1.0 0.1
0.5 5.0 0.05
0.5 5.0 0.25
0.5 5.0 0.5
1.0 0.01 0.0001
1.0 0.01 0.0005
1.0 0.01 0.001
1.0 0.05 0.0005
1.0 0.05 0.0025
1.0 0.05 0.0050
1.0 0.1 0.001
1.0 0.1 0.0050
1.0 0.1 0.010
1.0 0.5 0.005
1.0 0.5 0.025
1.0 0.5 0.05
1.0 1.0 0.01
1.0 1.0 0.05
1.0 1.0 0.1
1.0 5.0 0.05
1.0 5.0 0.25
1.0 5.0 0.5
5.0 0.01 0.0001
5.0 0.01 0.0005
5.0 0.01 0.001
5.0 0.05 0.0005
5.0 0.05 0.00250
5.0 0.05 0.0050
5.0 0.1 0.001
5.0 0.1 0.0050
5.0 0.1 0.010
5.0 0.5 0.005
5.0 0.5 0.025
5.0 0.5 0.05
5.0 1.0 0.01
5.0 1.0 0.05
5.0 1.0 0.1
5.0 5.0 0.05
5.0 5.0 0.25
5.0 5.0 0.5
